20			0.0338  		0.1597  		11.1997 
40			0.1597  		0.2953  		7.8170  
60			0.2953  		0.2915  		5.1808  
80			0.2915  		0.0582  		0.9813  
100			0.0582  		0.0679  		1.0067  
120			0.0679  		0.0940  		1.2300  
140			0.0940  		0.1244  		1.3431  
160			0.1244  		0.1694  		1.4535  
180			0.1694  		0.1976  		1.4154  
200			0.1976  		0.1768  		1.1933  
220			0.1768  		0.2607  		1.3397  
240			0.2607  		0.8422  		1.9329  
260			0.2170  		0.3130  		1.9876  		29
280			0.1397  		0.1317  		1.8152  		5
300			0.1317  		0.0570  		1.2913  
320			0.0570  		0.2323  		1.8441  
340			0.2323  		0.4229  		1.9898  
360			0.3329  		0.5576  		2.0859  
380			0.3188  		0.3179  		1.9750  
400			0.0959  		0.1408  		2.0147  
420			0.1408  		0.1883  		2.0186  
440			0.1883  		0.1744  		1.9016  
460			0.1744  		0.1322  		1.7321  
480			0.1322  		0.1589  		1.7153  
500			0.1589  		0.1591  		1.6471  
520			0.1591  		0.1572  		1.5804  
540			0.1572  		0.6448  		1.8989  
560			0.0823  		0.3685  		2.2174  		0
580			0.1654  		0.2456  		2.2393  		1
600			0.2456  		0.2135  		2.1310  
620			0.2135  		0.0306  		1.6103  
640			0.0306  		0.0572  		1.7007  
660			0.0572  		0.0760  		1.7115  
680			0.0760  		0.0687  		1.6397  
700			0.0687  		0.0523  		1.5366  
720			0.0523  		0.0550  		1.5042  
740			0.0550  		0.0619  		1.4863  
760			0.0619  		0.1930  		1.6631  
780			0.1930  		0.3882  		1.7498  
800			0.1801  		0.2026  		1.7273  		13
820			0.2026  		0.1315  		1.6091  
840			0.1315  		0.3721  		1.7494  
860			0.1241  		0.1871  		1.7776  		11
880			0.1871  		0.2352  		1.7747  
900			0.2352  		0.2625  		1.7529  
920			0.2625  		0.7282  		1.8748  
940			0.2266  		0.5850  		1.9804  		24
960			0.2083  		0.2882  		1.9879  		4
980			0.2882  		0.2946  		1.9506  
1000			0.2946  		0.8322  		2.0614  
1020			0.2216  		0.2179  		2.0186  		27
1040			0.2179  		0.3494  		2.0453  
1060			0.1809  		0.3215  		2.0850  		18
1080			0.0460  		0.0831  		2.1255  		15
1100			0.0831  		0.0985  		2.1092  
1120			0.0985  		0.0875  		2.0562  
1140			0.0875  		0.1076  		2.0463  
1160			0.1076  		0.2612  		2.1213  
1180			0.2612  		0.3250  		2.1121  
1200			0.1140  		0.0942  		2.0539  		18
1220			0.0942  		0.2832  		2.1504  
1240			0.2832  		1.4035  		2.3019  
1260			0.1748  		0.4070  		2.3622  		14
1280			0.1200  		0.1715  		2.3655  		8
1300			0.1715  		0.2056  		2.3493  
1320			0.2056  		0.2345  		2.3280  
1340			0.2345  		0.2562  		2.3028  
1360			0.2562  		0.1911  		2.2378  
1380			0.1911  		0.5460  		2.3152  
1400			0.2811  		0.4146  		2.3222  		8
1420			0.2668  		0.2790  		2.2940  		3
1440			0.2790  		0.0944  		2.1536  
1460			0.0944  		0.0239  		1.9883  
1480			0.0239  		0.0434  		2.0196  
1500			0.0434  		0.0809  		2.0526  
1520			0.0809  		0.1697  		2.0959  
1540			0.1697  		0.4490  		2.1598  
1560			0.2464  		0.3688  		2.1694  		15
1580			0.2412  		0.2838  		2.1568  		8
1600			0.2838  		0.4013  		2.1611  
1620			0.1948  		0.8305  		2.2635  		6
1640			0.0904  		0.1279  		2.2665  		12
1660			0.1279  		0.1232  		2.2359  
1680			0.1232  		0.1852  		2.2443  
1700			0.1852  		0.2426  		2.2408  
1720			0.2426  		0.2742  		2.2250  
1740			0.2742  		0.2138  		2.1788  
1760			0.2138  		0.7247  		2.2541  
1780			0.2164  		0.2632  		2.2447  		14
1800			0.2632  		0.2767  		2.2237  
1820			0.2767  		0.2665  		2.1963  
1840			0.2665  		0.9705  		2.2738  
1860			0.2058  		0.2969  		2.2778  		12
1880			0.2969  		0.3724  		2.2709  
1900			0.2811  		0.5486  		2.2978  		9
1920			0.4257  		1.0763  		2.3436  
1940			0.1554  		0.5444  		2.4126  
1960			0.1595  		0.2784  		2.4290  		6
1980			0.2784  		0.5582  		2.4552  
2000			0.0599  		0.2550  		2.5351  		5
2020			0.2550  		0.7208  		2.5842  
2040			0.1401  		0.2042  		2.5856  		11
2060			0.2042  		0.1565  		2.5418  
2080			0.1565  		0.1493  		2.5141  
2100			0.1493  		0.1746  		2.5009  
2120			0.1746  		0.1536  		2.4686  
2140			0.1536  		0.1502  		2.4440  
2160			0.1502  		0.2541  		2.4565  
2180			0.2541  		0.3091  		2.4470  
2200			0.2802  		0.2542  		2.4183  		24
2220			0.2542  		0.3191  		2.4113  
2240			0.0635  		0.0678  		2.3940  		24
2260			0.0678  		0.0804  		2.3837  
2280			0.0804  		0.1626  		2.4074  
2300			0.1626  		0.5633  		2.4644  
2320			0.0391  		0.0849  		2.4914  		6
2340			0.0849  		0.1195  		2.4912  
2360			0.1195  		0.0764  		2.4427  
2380			0.0764  		0.1326  		2.4556  
2400			0.1326  		0.1923  		2.4575  
2420			0.1923  		0.1769  		2.4322  
2440			0.1769  		0.0565  		2.3448  
2460			0.0565  		0.2771  		2.4190  
2480			0.2771  		1.8864  		2.5110  
2500			0.2859  		0.5471  		2.5284  		20
2520			0.4870  		0.8991  		2.5434  
2540			0.8991  		1.3563  		2.5468  
2560			0.8055  		0.7338  		2.5216  
2580			0.3349  		0.4545  		2.5191  
2600			0.1469  		0.1517  		2.5015  		8
2620			0.1517  		0.2394  		2.5076  
2640			0.2394  		0.2380  		2.4883  
2660			0.2380  		0.2196  		2.4652  
2680			0.2196  		0.3411  		2.4705  
2700			0.2959  		0.2516  		2.4435  		26
2720			0.2516  		0.2613  		2.4276  
2740			0.2613  		0.4285  		2.4359  
2760			0.2520  		0.1711  		2.3980  		29
2780			0.1711  		0.1897  		2.3861  
2800			0.1897  		0.3092  		2.3942  
2820			0.0383  		0.0738  		2.4108  
2840			0.0738  		0.0849  		2.4010  
2860			0.0849  		0.0691  		2.3737  
2880			0.0691  		0.0954  		2.3734  
2900			0.0954  		0.1251  		2.3705  
2920			0.1251  		0.1184  		2.3516  
2940			0.1184  		0.0811  		2.3170  
2960			0.0811  		0.1902  		2.3429  
2980			0.1902  		0.2340  		2.3372  
3000			0.2340  		0.1681  		2.3057  
3020			0.1681  		0.2151  		2.3023  
3040			0.2151  		0.4099  		2.3177  
3060			0.0632  		0.0810  		2.3143  		20
3080			0.0810  		0.0837  		2.3007  
3100			0.0837  		0.2018  		2.3269  
3120			0.2018  		0.7968  		2.3755  
3140			0.0720  		0.1004  		2.3756  		1
3160			0.1004  		0.0835  		2.3522  
3180			0.0835  		0.0316  		2.2932  
3200			0.0316  		0.0449  		2.2948  
3220			0.0449  		0.0485  		2.2840  
3240			0.0485  		0.0204  		2.2313  
3260			0.0204  		0.0283  		2.2321  
3280			0.0283  		0.0421  		2.2360  
3300			0.0421  		0.0418  		2.2221  
3320			0.0418  		0.0230  		2.1828  
3340			0.0230  		0.0950  		2.2310  
3360			0.0950  		0.5528  		2.2933  
3380			0.2702  		0.4567  		2.3022  		0
3400			0.4457  		0.7615  		2.3113  
3420			0.4119  		0.0845  		2.2310  
3440			0.0845  		0.1081  		2.2284  
3460			0.1081  		0.1240  		2.2212  
3480			0.1240  		0.0722  		2.1860  
3500			0.0722  		0.0668  		2.1703  
3520			0.0668  		0.0934  		2.1717  
3540			0.0934  		0.1021  		2.1631  
3560			0.1021  		0.0601  		2.1295  
3580			0.0601  		0.0578  		2.1160  
3600			0.0578  		0.0841  		2.1193  
3620			0.0841  		0.1956  		2.1412  
3640			0.1956  		0.2345  		2.1366  
3660			0.2345  		0.2158  		2.1217  
3680			0.2158  		0.2193  		2.1108  
3700			0.2193  		0.6886  		2.1440  
3720			0.2577  		0.3586  		2.1453  		6
3740			0.2189  		0.1873  		2.1278  		16
3760			0.1873  		0.2951  		2.1339  
3780			0.2951  		1.4509  		2.1834  
3800			0.1316  		0.3016  		2.2034  		18
3820			0.1762  		0.1928  		2.1953  
3840			0.1928  		0.1760  		2.1804  
3860			0.1760  		0.2433  		2.1812  
3880			0.2433  		0.2582  		2.1722  
3900			0.2582  		0.2467  		2.1593  
3920			0.2467  		0.6412  		2.1835  
3940			0.1870  		0.2697  		2.1858  		8
3960			0.2697  		0.2779  		2.1759  
3980			0.2779  		0.1372  		2.1394  
4000			0.1372  		0.4884  		2.1744  
4020			0.1247  		0.1898  		2.1787  		0
4040			0.1898  		0.1755  		2.1651  
4060			0.1755  		0.0405  		2.1023  
4080			0.0405  		0.1497  		2.1383  
4100			0.1497  		0.2671  		2.1482  
4120			0.2671  		0.3356  		2.1458  
4140			0.2526  		0.2248  		2.1313  		26
4160			0.2248  		0.3279  		2.1342  
4180			0.0848  		0.0959  		2.1282  		5
4200			0.0959  		0.0781  		2.1110  
4220			0.0781  		0.1494  		2.1232  
4240			0.1494  		0.2411  		2.1295  
4260			0.2411  		0.2951  		2.1263  
4280			0.2951  		0.1563  		2.0950  
4300			0.1563  		0.4160  		2.1181  
4320			0.1609  		0.7701  		2.1605  		3
4340			0.0573  		0.1140  		2.1734  		7
4360			0.1140  		0.1162  		2.1641  
4380			0.1162  		0.0781  		2.1411  
4400			0.0781  		0.0858  		2.1345  
4420			0.0858  		0.0871  		2.1253  
4440			0.0871  		0.0612  		2.1042  
4460			0.0612  		0.1580  		2.1255  
4480			0.1580  		0.1927  		2.1224  
4500			0.1927  		0.1596  		2.1069  
4520			0.1596  		0.1647  		2.0986  
4540			0.1647  		0.3431  		2.1127  
4560			0.0876  		0.1286  		2.1156  		28
4580			0.1286  		0.1411  		2.1093  
4600			0.1411  		0.5290  		2.1415  
4620			0.2370  		1.3241  		2.1860  		27
4640			0.0585  		0.2622  		2.2232  		7
4660			0.2622  		0.3946  		2.2263  
4680			0.1656  		0.2073  		2.2237  		23
4700			0.2073  		0.1829  		2.2104  
4720			0.1829  		0.1777  		2.2002  
4740			0.1777  		0.1674  		2.1891  
4760			0.1674  		0.3240  		2.1999  
4780			0.2142  		0.2581  		2.1963  		9
4800			0.2581  		0.2364  		2.1845  
4820			0.2364  		0.2189  		2.1732  
4840			0.2189  		0.3178  		2.1753  
4860			0.2207  		0.1177  		2.1477  		26
4880			0.1177  		0.1381  		2.1436  
4900			0.1381  		0.3471  		2.1620  
4920			0.1941  		0.2255  		2.1576  		3
4940			0.2255  		0.1933  		2.1444  
4960			0.1933  		0.2919  		2.1477  
4980			0.2919  		0.6225  		2.1610  
5000			0.2306  		0.3215  		2.1620  		19
5020			0.2544  		0.3220  		2.1601  		14
5040			0.1537  		0.4066  		2.1794  		8
5060			0.2075  		1.2151  		2.2212  		7
5080			0.1839  		0.3122  		2.2275  		11
5100			0.0608  		0.0878  		2.2292  
5120			0.0878  		0.1602  		2.2374  
5140			0.1602  		0.1739  		2.2310  
5160			0.1739  		0.1709  		2.2219  
5180			0.1709  		0.1759  		2.2141  
5200			0.1759  		0.3637  		2.2257  
5220			0.0688  		0.0841  		2.2227  		10
5240			0.0841  		0.0772  		2.2119  
5260			0.0772  		0.0685  		2.2002  
5280			0.0685  		0.1054  		2.2036  
5300			0.1054  		0.1205  		2.1990  
5320			0.1205  		0.0757  		2.1781  
5340			0.0757  		0.1810  		2.1935  
5360			0.1810  		0.2374  		2.1926  
5380			0.2374  		0.2136  		2.1816  
5400			0.2136  		0.1356  		2.1614  
5420			0.1356  		0.4446  		2.1850  
5440			0.0676  		0.0808  		2.1817  		11
5460			0.0808  		0.0641  		2.1676  
5480			0.0641  		0.1360  		2.1795  
5500			0.1360  		0.5807  		2.2097  
5520			0.1311  		0.2922  		2.2226  		18
5540			0.2922  		0.3508  		2.2193  
5560			0.2946  		0.5211  		2.2261  		22
5580			0.1761  		0.2570  		2.2279  		8
5600			0.2570  		0.3172  		2.2254  
5620			0.1187  		0.1005  		2.2132  		17
5640			0.1005  		0.0821  		2.2002  
5660			0.0821  		0.1049  		2.1987  
5680			0.1049  		0.0992  		2.1895  
5700			0.0992  		0.0992  		2.1818  
5720			0.0992  		0.4032  		2.2096  
5740			0.0475  		0.1352  		2.2282  		1
5760			0.1352  		0.1914  		2.2291  
5780			0.1914  		0.1123  		2.2081  
5800			0.1123  		0.0592  		2.1845  
5820			0.0592  		0.0865  		2.1864  
5840			0.0865  		0.0885  		2.1795  
5860			0.0885  		0.0332  		2.1480  
5880			0.0332  		0.0122  		2.1160  
5900			0.0122  		0.0185  		2.1191  
5920			0.0185  		0.0335  		2.1264  
5940			0.0335  		0.0891  		2.1430  
5960			0.0891  		0.3914  		2.1716  
5980			0.2618  		0.4543  		2.1777  		2
6000			0.1912  		0.2364  		2.1755  		20
6020			0.2364  		0.2302  		2.1676  
6040			0.2302  		0.3048  		2.1672  
6060			0.2983  		0.3722  		2.1653  		15
6080			0.2453  		0.1918  		2.1523  		24
6100			0.1918  		0.5926  		2.1720  
6120			0.2187  		0.3678  		2.1771  		11
6140			0.2941  		0.2673  		2.1678  		27
6160			0.2673  		0.3202  		2.1650  
6180			0.1674  		0.0292  		2.1172  
6200			0.0292  		0.2167  		2.1570  
6220			0.2167  		0.4713  		2.1681  
6240			0.1818  		0.2011  		2.1635  		10
6260			0.2011  		0.0495  		2.1242  
6280			0.0495  		0.0597  		2.1218  
6300			0.0597  		0.0731  		2.1197  
6320			0.0731  		0.1098  		2.1223  
6340			0.1098  		0.1058  		2.1147  
6360			0.1058  		0.1011  		2.1071  
6380			0.1011  		0.1097  		2.1023  
6400			0.1097  		0.2360  		2.1130  
6420			0.2360  		0.2674  		2.1092  
6440			0.2674  		0.2407  		2.1003  
6460			0.2407  		0.2942  		2.0983  
6480			0.2942  		0.4996  		2.1036  
6500			0.0793  		0.1007  		2.1024  		15
6520			0.1007  		0.0732  		2.0889  
6540			0.0732  		0.0548  		2.0762  
6560			0.0548  		0.0921  		2.0812  
6580			0.0921  		0.1049  		2.0778  
6600			0.1049  		0.0444  		2.0527  
6620			0.0444  		0.0154  		2.0234  
6640			0.0154  		0.0871  		2.0550  
6660			0.0871  		0.1267  		2.0569  
6680			0.1267  		0.1121  		2.0481  
6700			0.1121  		0.0579  		2.0277  
6720			0.0579  		0.0708  		2.0260  
6740			0.0708  		0.0681  		2.0192  
6760			0.0681  		0.0366  		2.0000  
6780			0.0366  		0.0844  		2.0118  
6800			0.0844  		0.1058  		2.0107  
6820			0.1058  		0.0745  		1.9974  
6840			0.0745  		0.0772  		1.9923  
6860			0.0772  		0.1382  		1.9988  
6880			0.1382  		0.1755  		1.9980  
6900			0.1755  		0.0821  		1.9763  
6920			0.0821  		0.0643  		1.9655  
6940			0.0643  		0.2530  		1.9883  
6960			0.2530  		0.3572  		1.9897  
6980			0.1650  		0.3017  		1.9965  
7000			0.2521  		0.4992  		2.0049  		22
7020			0.1703  		0.2744  		2.0090  		20
7040			0.2744  		0.3892  		2.0104  
7060			0.0977  		0.1646  		2.0154  		12
7080			0.1646  		0.2635  		2.0193  
7100			0.2635  		0.3048  		2.0165  
7120			0.0932  		0.0714  		2.0055  		10
7140			0.0714  		0.0949  		2.0056  
7160			0.0949  		0.3162  		2.0243  
7180			0.0450  		0.0557  		2.0229  		10
7200			0.0557  		0.0414  		2.0114  
7220			0.0414  		0.0690  		2.0160  
7240			0.0690  		0.1162  		2.0208  
7260			0.1162  		0.1466  		2.0199  
7280			0.1466  		0.0827  		2.0030  
7300			0.0827  		0.2124  		2.0161  
7320			0.2124  		0.8261  		2.0374  
7340			0.1459  		0.1849  		2.0365  		14
7360			0.1849  		0.1929  		2.0318  
7380			0.1929  		0.3664  		2.0388  
7400			0.1885  		0.4064  		2.0483  		29
7420			0.1353  		0.1978  		2.0502  		22
7440			0.1978  		0.3312  		2.0546  
7460			0.1198  		0.1802  		2.0570  		13
7480			0.1802  		0.2211  		2.0555  
7500			0.2211  		0.1926  		2.0473  
7520			0.1926  		0.2747  		2.0487  
7540			0.2747  		1.3319  		2.0735  
7560			0.1993  		0.5346  		2.0868  		8
7580			0.2987  		0.4011  		2.0869  		12
7600			0.3554  		0.6641  		2.0933  
7620			0.2985  		0.4187  		2.0942  
7640			0.2478  		0.2663  		2.0901  		17
7660			0.2663  		0.3403  		2.0892  
7680			0.1660  		0.3576  		2.0982  		17
7700			0.2668  		0.3265  		2.0966  		4
7720			0.2052  		0.2302  		2.0933  		26
7740			0.2302  		0.3404  		2.0952  
7760			0.2709  		0.7387  		2.1084  		22
7780			0.1893  		0.2680  		2.1094  		17
7800			0.2680  		0.2652  		2.1038  
7820			0.2652  		0.1100  		2.0822  
7840			0.1100  		0.1493  		2.0825  
7860			0.1493  		0.1792  		2.0806  
7880			0.1792  		0.1443  		2.0713  
7900			0.1443  		0.3263  		2.0810  
7920			0.2136  		0.8205  		2.1002  		20
7940			0.1545  		0.2133  		2.1008  		6
7960			0.2133  		0.1568  		2.0900  
7980			0.1568  		0.0531  		2.0651  
8000			0.0531  		0.0699  		2.0649  
8020			0.0699  		0.0785  		2.0619  
8040			0.0785  		0.0852  		2.0582  
8060			0.0852  		0.3172  		2.0766  
8080			0.0347  		0.1383  		2.0962  		3
8100			0.1383  		0.1903  		2.0967  
8120			0.1903  		0.1541  		2.0878  
8140			0.1541  		0.0470  		2.0616  
8160			0.0470  		0.0729  		2.0643  
8180			0.0729  		0.0848  		2.0620  
8200			0.0848  		0.0455  		2.0460  
8220			0.0455  		0.0134  		2.0195  
8240			0.0134  		0.0163  		2.0181  
8260			0.0163  		0.0295  		2.0235  
8280			0.0295  		0.0700  		2.0337  
8300			0.0700  		0.2922  		2.0537  
8320			0.2922  		0.5296  		2.0590  
8340			0.2330  		0.2293  		2.0538  		19
8360			0.2293  		0.1533  		2.0419  
8380			0.1533  		0.2479  		2.0454  
8400			0.2479  		0.2756  		2.0423  
8420			0.2756  		0.2426  		2.0353  
8440			0.2426  		0.6465  		2.0472  
8460			0.1639  		0.1451  		2.0403  
8480			0.1451  		0.2061  		2.0414  
8500			0.2061  		0.3543  		2.0458  
8520			0.1630  		0.6241  		2.0638  
8540			0.2997  		3.6464  		2.1011  		25
8560			0.1710  		0.2811  		2.1046  		17
8580			0.2811  		0.3281  		2.1023  
8600			0.1003  		0.1750  		2.1067  
8620			0.1750  		0.1665  		2.1010  
8640			0.1665  		0.1625  		2.0958  
8660			0.1625  		0.1873  		2.0933  
8680			0.1873  		0.3719  		2.0999  
8700			0.1009  		0.1448  		2.1010  
8720			0.1448  		0.1651  		2.0984  
8740			0.1651  		0.0959  		2.0846  
8760			0.0959  		0.0712  		2.0750  
8780			0.0712  		0.0875  		2.0736  
8800			0.0875  		0.1579  		2.0786  
8820			0.1579  		0.3246  		2.0856  
8840			0.0415  		0.0612  		2.0873  		21
8860			0.0612  		0.0615  		2.0826  
8880			0.0615  		0.0261  		2.0641  
8900			0.0261  		0.0443  		2.0680  
8920			0.0443  		0.0573  		2.0675  
8940			0.0573  		0.0489  		2.0603  
8960			0.0489  		0.0580  		2.0585  
8980			0.0580  		0.1238  		2.0661  
9000			0.1238  		0.1551  		2.0651  
9020			0.1551  		0.1044  		2.0542  
9040			0.1044  		0.1706  		2.0575  
9060			0.1706  		0.7264  		2.0760  
9080			0.0630  		0.1724  		2.0874  
9100			0.1724  		0.2616  		2.0894  
9120			0.2616  		0.4374  		2.0930  
9140			0.0691  		0.1323  		2.0986  		21
9160			0.1323  		0.1828  		2.0991  
9180			0.1828  		0.1512  		2.0916  
9200			0.1512  		0.1477  		2.0867  
9220			0.1477  		0.1938  		2.0864  
9240			0.1938  		0.1721  		2.0800  
9260			0.1721  		0.2038  		2.0782  
9280			0.2038  		0.8924  		2.0967  
9300			0.1584  		0.2133  		2.0968  		13
9320			0.2133  		0.3581  		2.1003  
9340			0.3581  		0.6384  		2.1047  
9360			0.5254  		0.7510  		2.1057  
9380			0.2900  		0.4332  		2.1074  		25
9400			0.2342  		0.2347  		2.1030  
9420			0.2347  		0.3376  		2.1041  
9440			0.2503  		0.1837  		2.0949  
9460			0.1837  		0.2558  		2.0955  
9480			0.2558  		0.3519  		2.0959  
9500			0.2274  		0.2747  		2.0944  		7
9520			0.2747  		0.3230  		2.0924  
9540			0.1588  		0.1437  		2.0866  		21
9560			0.1437  		0.0451  		2.0647  
9580			0.0451  		0.1727  		2.0806  
9600			0.1727  		0.2889  		2.0840  
9620			0.2889  		0.2741  		2.0789  
9640			0.2741  		0.0550  		2.0505  
9660			0.0550  		0.0890  		2.0535  
9680			0.0890  		0.1345  		2.0554  
9700			0.1345  		0.1393  		2.0517  
9720			0.1393  		0.1278  		2.0462  
9740			0.1278  		0.5603  		2.0639  
9760			0.0455  		0.0858  		2.0690  		1
9780			0.0858  		0.0867  		2.0649  
9800			0.0867  		0.0301  		2.0451  
9820			0.0301  		0.0425  		2.0461  
9840			0.0425  		0.0540  		2.0454  
9860			0.0540  		0.0408  		2.0372  
9880			0.0408  		0.0156  		2.0190  
9900			0.0156  		0.0304  		2.0246  
9920			0.0304  		0.0394  		2.0243  
9940			0.0394  		0.0257  		2.0140  
9960			0.0257  		0.0480  		2.0190  
9980			0.0480  		0.2860  		2.0408  
10000			0.2860  		0.6134  		2.0477  
10020			0.1689  		0.2084  		2.0467  		8
10040			0.2084  		0.0584  		2.0243  
10060			0.0584  		0.0580  		2.0202  
10080			0.0580  		0.0710  		2.0191  
10100			0.0710  		0.1071  		2.0210  
10120			0.1071  		0.1085  		2.0171  
10140			0.1085  		0.1031  		2.0125  
10160			0.1031  		0.1090  		2.0093  
10180			0.1090  		0.2307  		2.0160  
10200			0.2307  		0.2618  		2.0138  
10220			0.2618  		0.2373  		2.0085  
10240			0.2373  		0.2766  		2.0067  
10260			0.2766  		0.5088  		2.0114  
10280			0.2242  		0.2404  		2.0084  		18
10300			0.2404  		0.2242  		2.0035  
10320			0.2242  		0.6822  		2.0152  
10340			0.2053  		0.3197  		2.0175  		9
10360			0.1422  		0.2433  		2.0211  
10380			0.2433  		0.3584  		2.0226  
10400			0.1213  		0.3275  		2.0325  
10420			0.0527  		0.1827  		2.0458  		28
10440			0.1827  		0.2821  		2.0478  
10460			0.2821  		0.2317  		2.0412  
10480			0.2317  		0.3793  		2.0441  
10500			0.2777  		0.4142  		2.0457  		13
10520			0.0860  		0.1127  		2.0455  		15
10540			0.1127  		0.1330  		2.0439  
10560			0.1330  		0.3546  		2.0534  
10580			0.1887  		0.2568  		2.0538  		14
10600			0.2568  		0.3024  		2.0521  
10620			0.2451  		0.4026  		2.0550  
10640			0.2438  		0.4870  		2.0605  		13
10660			0.1683  		0.1948  		2.0586  		11
10680			0.1948  		0.1561  		2.0518  
10700			0.1561  		0.0226  		2.0219  
10720			0.0226  		0.0912  		2.0369  
10740			0.0912  		0.1284  		2.0377  
10760			0.1284  		0.1163  		2.0326  
10780			0.1163  		0.0860  		2.0248  
10800			0.0860  		0.1417  		2.0277  
10820			0.1417  		0.1792  		2.0271  
10840			0.1792  		0.0895  		2.0141  
10860			0.0895  		0.1398  		2.0163  
10880			0.1398  		0.8506  		2.0365  
10900			0.2662  		1.7042  		2.0574  		7
10920			0.1391  		0.2586  		2.0618  		18
10940			0.2586  		0.8188  		2.0732  
10960			0.8188  		1.2722  		2.0752  
10980			0.9921  		0.7265  		2.0674  
11000			0.5005  		1.0533  		2.0734  
11020			0.2147  		0.2332  		2.0707  		22
11040			0.2332  		0.2613  		2.0684  
11060			0.2613  		0.2265  		2.0628  
11080			0.2265  		0.2526  		2.0605  
11100			0.2526  		0.3597  		2.0614  
11120			0.2783  		0.2362  		2.0556  		11
11140			0.2362  		0.2493  		2.0526  
11160			0.2493  		0.3566  		2.0535  
11180			0.3263  		0.2663  		2.0472  
11200			0.2663  		0.3389  		2.0467  
11220			0.2444  		0.2726  		2.0444  		9
11240			0.2726  		0.1805  		2.0355  
11260			0.1805  		0.2031  		2.0334  
11280			0.2031  		0.2907  		2.0344  
11300			0.2907  		0.2415  		2.0284  
11320			0.2415  		0.2204  		2.0237  
11340			0.2204  		0.2811  		2.0232  
11360			0.2811  		0.4682  		2.0261  
11380			0.1602  		0.1935  		2.0249  
11400			0.1935  		0.2594  		2.0251  
11420			0.2594  		0.2286  		2.0200  
11440			0.2286  		0.1721  		2.0128  
11460			0.1721  		0.2039  		2.0115  
11480			0.2039  		0.3370  		2.0143  
11500			0.1308  		0.1209  		2.0098  
11520			0.1209  		0.1611  		2.0099  
11540			0.1611  		0.1635  		2.0066  
11560			0.1635  		0.0715  		1.9928  
11580			0.0715  		0.0634  		1.9879  
11600			0.0634  		0.0957  		1.9895  
11620			0.0957  		0.1996  		1.9952  
11640			0.1996  		0.3134  		1.9974  
11660			0.2413  		0.3435  		1.9984  		21
11680			0.1897  		0.3221  		2.0015  
11700			0.2340  		0.5277  		2.0081  
11720			0.1959  		0.2659  		2.0084  
11740			0.2659  		0.4259  		2.0108  
11760			0.1035  		0.1559  		2.0124  		9
11780			0.1559  		0.3267  		2.0180  
11800			0.1928  		0.4069  		2.0238  		10
11820			0.2762  		0.4118  		2.0252  		11
11840			0.1187  		0.2362  		2.0302  
11860			0.2362  		0.8895  		2.0429  
11880			0.2073  		1.0088  		2.0587  		7
11900			0.2169  		0.3889  		2.0623  		6
11920			0.3459  		0.7174  		2.0676  
11940			0.3418  		0.1818  		2.0565  
11960			0.1818  		0.1976  		2.0541  
11980			0.1976  		0.1985  		2.0507  
12000			0.1985  		0.3282  		2.0534  
12020			0.2912  		0.5620  		2.0578  		27
12040			0.1437  		0.1688  		2.0563  
12060			0.1688  		0.2721  		2.0586  
12080			0.2721  		0.4643  		2.0616  
12100			0.2808  		0.4176  		2.0629  		26
12120			0.2541  		0.2724  		2.0604  		9
12140			0.2724  		0.1706  		2.0514  
12160			0.1706  		0.5552  		2.0620  
12180			0.1045  		0.1207  		2.0604  		13
12200			0.1207  		0.1069  		2.0556  
12220			0.1069  		0.2131  		2.0603  
12240			0.2131  		1.0179  		2.0754  
12260			0.2740  		0.9141  		2.0862  		7
12280			0.0787  		0.1220  		2.0880  		2
12300			0.1220  		0.0868  		2.0806  
12320			0.0868  		0.0897  		2.0776  
12340			0.0897  		0.1010  		2.0756  
12360			0.1010  		0.0817  		2.0698  
12380			0.0817  		0.1164  		2.0705  
12400			0.1164  		0.1620  		2.0710  
12420			0.1620  		0.1638  		2.0678  
12440			0.1638  		0.0925  		2.0579  
12460			0.0925  		0.3244  		2.0691  
12480			0.1035  		0.2001  		2.0734  
12500			0.2001  		0.2759  		2.0738  
12520			0.2759  		0.4419  		2.0759  
12540			0.1579  		0.5678  		2.0873  		15
12560			0.2991  		1.6677  		2.1037  		7
12580			0.2426  		1.5075  		2.1213  		23
12600			0.4499  		0.5748  		2.1208  
12620			0.5748  		0.9887  		2.1236  
12640			0.6002  		0.6384  		2.1210  
12660			0.2116  		0.3624  		2.1237  
12680			0.3624  		0.4817  		2.1236  
12700			0.4817  		0.6625  		2.1239  
12720			0.3600  		0.3399  		2.1199  
12740			0.2956  		0.4062  		2.1202  		21
12760			0.4062  		0.6828  		2.1227  
12780			0.3883  		0.3292  		2.1176  
12800			0.1069  		0.0624  		2.1082  
12820			0.0624  		0.0431  		2.1007  
12840			0.0431  		0.0633  		2.1018  
12860			0.0633  		0.0713  		2.0998  
12880			0.0713  		0.0424  		2.0908  
12900			0.0424  		0.0720  		2.0934  
12920			0.0720  		0.0887  		2.0925  
12940			0.0887  		0.0718  		2.0869  
12960			0.0718  		0.0601  		2.0817  
12980			0.0601  		0.0893  		2.0829  
13000			0.0893  		0.0909  		2.0799  
13020			0.0909  		0.0343  		2.0659  
13040			0.0343  		0.0898  		2.0734  
13060			0.0898  		0.1202  		2.0734  
13080			0.1202  		0.1065  		2.0689  
13100			0.1065  		0.0136  		2.0431  
13120			0.0136  		0.0381  		2.0513  
13140			0.0381  		0.0826  		2.0567  
13160			0.0826  		0.1142  		2.0571  
13180			0.1142  		0.0613  		2.0472  
13200			0.0613  		0.0638  		2.0445  
13220			0.0638  		0.0752  		2.0432  
13240			0.0752  		0.0573  		2.0372  
13260			0.0573  		0.0649  		2.0355  
13280			0.0649  		0.0947  		2.0365  
13300			0.0947  		0.0941  		2.0334  
13320			0.0941  		0.0389  		2.0208  
13340			0.0389  		0.1356  		2.0312  
13360			0.1356  		0.1950  		2.0321  
13380			0.1950  		0.1776  		2.0281  
13400			0.1776  		0.0325  		2.0068  
13420			0.0325  		0.1279  		2.0185  
13440			0.1279  		0.2389  		2.0222  
13460			0.2389  		0.3126  		2.0221  
13480			0.1928  		0.1760  		2.0181  		27
13500			0.1760  		0.2433  		2.0186  
13520			0.2433  		0.2582  		2.0162  
13540			0.2582  		0.2467  		2.0127  
13560			0.2467  		0.6412  		2.0199  
13580			0.2368  		0.3058  		2.0197  		1
13600			0.1682  		0.1752  		2.0171  		22
13620			0.1752  		0.2494  		2.0179  
13640			0.2494  		0.9039  		2.0286  
13660			0.1312  		0.1782  		2.0289  		10
13680			0.1782  		0.1591  		2.0247  
13700			0.1591  		0.1853  		2.0233  
13720			0.1853  		0.6464  		2.0335  
13740			0.0661  		0.0914  		2.0340  		9
13760			0.0914  		0.0841  		2.0301  
13780			0.0841  		0.1294  		2.0317  
13800			0.1294  		0.4142  		2.0409  
13820			0.2973  		0.4164  		2.0415  		10
13840			0.2482  		0.2283  		2.0377  		29
13860			0.2283  		0.0384  		2.0162  
13880			0.0384  		0.0709  		2.0196  
13900			0.0709  		0.0871  		2.0189  
13920			0.0871  		0.0821  		2.0154  
13940			0.0821  		0.1644  		2.0197  
13960			0.1644  		0.4601  		2.0274  
13980			0.2012  		0.3105  		2.0290  		17
14000			0.2171  		0.3931  		2.0322  
14020			0.3074  		0.9017  		2.0404  
14040			0.2993  		0.9311  		2.0491  		4
14060			0.0851  		0.1071  		2.0486  
14080			0.1071  		0.1517  		2.0492  
14100			0.1517  		0.4319  		2.0570  
14120			0.0736  		0.1005  		2.0573  		18
14140			0.1005  		0.1236  		2.0565  
14160			0.1236  		0.2471  		2.0607  
14180			0.2471  		0.8222  		2.0700  
14200			0.1874  		0.7577  		2.0813  		17
14220			0.2196  		0.3440  		2.0829  		7
14240			0.2359  		0.2375  		2.0800  		9
14260			0.2375  		0.3328  		2.0805  
14280			0.2832  		0.2980  		2.0781  		2
14300			0.2980  		0.2825  		2.0747  
14320			0.2825  		0.3989  		2.0753  
14340			0.1657  		0.2339  		2.0758  
14360			0.2339  		0.3089  		2.0757  
14380			0.1132  		0.1151  		2.0730  		4
14400			0.1151  		0.0283  		2.0561  
14420			0.0283  		0.0381  		2.0562  
14440			0.0381  		0.0563  		2.0573  
14460			0.0563  		0.0658  		2.0560  
14480			0.0658  		0.1494  		2.0613  
14500			0.1494  		0.7228  		2.0741  
14520			0.1402  		0.2471  		2.0769  		4
14540			0.2471  		0.2246  		2.0731  
14560			0.2246  		0.0301  		2.0503  
14580			0.0301  		0.0557  		2.0536  
14600			0.0557  		0.0776  		2.0541  
14620			0.0776  		0.0737  		2.0508  
14640			0.0737  		0.0565  		2.0454  
14660			0.0565  		0.0580  		2.0428  
14680			0.0580  		0.0607  		2.0405  
14700			0.0607  		0.1602  		2.0472  
14720			0.1602  		0.4089  		2.0536  
14740			0.1284  		0.1822  		2.0543  		19
14760			0.1822  		0.2328  		2.0539  
14780			0.2328  		0.4592  		2.0577  
14800			0.2253  		0.6993  		2.0660  		17
14820			0.2246  		0.2705  		2.0650  		17
14840			0.2705  		0.3220  		2.0639  
14860			0.3220  		0.7637  		2.0695  
14880			0.2284  		0.3953  		2.0721  		28
14900			0.2019  		0.2655  		2.0719  		10
14920			0.2655  		0.4419  		2.0741  
14940			0.0759  		0.1112  		2.0750  
14960			0.1112  		0.2100  		2.0784  
14980			0.2100  		0.2752  		2.0782  
15000			0.2752  		0.1249  		2.0678  
15020			0.1249  		0.0567  		2.0575  
15040			0.0567  		0.1080  		2.0609  
15060			0.1080  		0.1284  		2.0598  
15080			0.1284  		0.1048  		2.0552  
15100			0.1048  		0.3506  		2.0640  
15120			0.0630  		0.1375  		2.0687  		20
15140			0.1375  		0.2085  		2.0699  
15160			0.2085  		0.3631  		2.0725  
15180			0.2433  		0.4014  		2.0745  		6
15200			0.1258  		0.1391  		2.0727  		23
15220			0.1391  		0.1760  		2.0722  
15240			0.1760  		0.4493  		2.0784  
15260			0.2538  		0.5517  		2.0830  		14
15280			0.1960  		0.2804  		2.0837  		24
15300			0.2804  		0.2832  		2.0810  
15320			0.2832  		0.4911  		2.0835  
15340			0.1384  		0.5330  		2.0935  		7
15360			0.1437  		0.1929  		2.0935  		11
15380			0.1929  		0.2021  		2.0912  
15400			0.2021  		0.3452  		2.0935  
15420			0.2664  		0.3045  		2.0921  		6
15440			0.1405  		0.1714  		2.0912  		21
15460			0.1714  		0.3123  		2.0941  
15480			0.1265  		0.2714  		2.0985  
15500			0.2714  		0.3829  		2.0990  
15520			0.2693  		0.2484  		2.0955  		24
15540			0.2484  		0.5066  		2.0995  
15560			0.0992  		0.4839  		2.1115  
15580			0.1026  		0.2198  		2.1158  		13
15600			0.2198  		0.2588  		2.1146  
15620			0.2588  		0.2274  		2.1107  
15640			0.2274  		0.3893  		2.1130  
15660			0.2465  		0.3481  		2.1134  		22
15680			0.0342  		0.0405  		2.1123  		29
15700			0.0405  		0.1351  		2.1207  
15720			0.1351  		0.3589  		2.1269  
15740			0.1395  		0.1988  		2.1275  		17
15760			0.1988  		0.2191  		2.1257  
15780			0.2191  		0.3640  		2.1276  
15800			0.1452  		0.1887  		2.1273  		5
15820			0.1887  		0.1977  		2.1251  
15840			0.1977  		0.2184  		2.1233  
15860			0.2184  		0.8517  		2.1330  
15880			0.0761  		0.3527  		2.1442  		0
15900			0.1186  		0.1948  		2.1460  		3
15920			0.1948  		0.1927  		2.1432  
15940			0.1927  		0.1310  		2.1371  
15960			0.1310  		0.1540  		2.1358  
15980			0.1540  		0.1492  		2.1329  
16000			0.1492  		0.1021  		2.1268  
16020			0.1021  		0.2745  		2.1330  
16040			0.2745  		0.3383  		2.1323  
16060			0.2453  		0.2441  		2.1296  		28
16080			0.2441  		0.7125  		2.1365  
16100			0.2657  		0.7358  		2.1430  		8
16120			0.2629  		0.3617  		2.1432  		14
16140			0.1773  		0.2350  		2.1431  		14
16160			0.2350  		0.4951  		2.1471  
16180			0.2319  		0.3885  		2.1490  		9
16200			0.2357  		0.2659  		2.1474  		17
16220			0.2659  		0.3302  		2.1467  
16240			0.2176  		0.3859  		2.1492  
16260			0.2348  		0.4293  		2.1519  		3
16280			0.2064  		0.2949  		2.1524  		14
16300			0.2949  		0.2144  		2.1469  
16320			0.2144  		0.3740  		2.1492  
16340			0.1124  		0.4578  		2.1590  		3
